1626624000	0.006264003
1626627600	0.005498001
1626631200	-0.002937322
1626634800	-0.000906454
1626638400	0.002404282
1626642000	0.014481604
1626645600	-0.017486729
1626649200	0.002905789
1626652800	-0.012992892
1626656400	0.000963214
1626660000	0.000962287
1626663600	-0.000366233
1626667200	0.007647921
1626670800	0.000499932
1626674400	-0.001998728
1626678000	-0.003868912
1626681600	-0.006168609
1626685200	-0.003586207
1626688800	-0.00853636
1626692400	-9.30795E-05
1626696000	-0.019967419
1626699600	-0.015387538
1626703200	0.019486784
1626706800	-0.005582892
1626710400	-0.002569226
1626714000	-0.00171723
1626717600	-0.007119648
1626721200	0.008325713
1626724800	-0.001718213
1626728400	-0.001386498
1626732000	0.004979174
1626735600	-0.007193559
1626739200	-0.001919386
1626742800	-0.035673077
1626746400	-0.023132915
1626750000	-0.018934368
1626753600	0.008479426
1626757200	0.002166512
1626760800	0.003088326
1626764400	0.009031199
1626768000	-0.017544752
1626771600	-0.017236917
1626775200	0.018171284
1626778800	0.005690342
1626782400	0.002469009
1626786000	-0.011288419
1626789600	0.015984223
1626793200	0.014813301
1626796800	-0.005939498
1626800400	-0.001873513
1626804000	0.009283685
1626807600	0.000452375
1626811200	0.000100482
1626814800	-0.009645333
1626818400	-0.009282743
1626822000	-0.00158722
1626825600	-0.019794872
1626829200	0.014648948
1626832800	0.018459317
1626836400	0.006682868
1626840000	0.035908268
1626843600	-0.007719196
1626847200	0.001223152
1626850800	-0.003127443
1626854400	-0.0075
1626858000	0.017138341
1626861600	-0.000194231
1626865200	0.008742108
1626868800	-0.007125662
1626872400	0.006206963
1626876000	0.013108434
1626879600	0.005708306
1626883200	0.000804087
1626886800	-0.005907652
1626890400	-0.017733194
1626894000	-0.014810513
1626897600	0.007860477
1626901200	0.011308798
1626904800	0.021882682
1626908400	0.000990519
1626912000	-0.008151918
1626915600	-0.011354459
1626919200	-0.009034118
1626922800	0.012850354
1626926400	0.011729784
1626930000	-0.014575052
1626933600	0.011669228
1626937200	0.005838515
1626940800	0.00500236
1626944400	-0.013382795
1626948000	0.000666318
1626951600	0.002711058
1626955200	0.003937008
1626958800	0.000236239
1626962400	0.003495513
1626966000	0.013321408
1626969600	-0.004041436
1626973200	0.006110075
1626976800	-0.004682212
1626980400	0.003074057
1626984000	-0.004689822
1626987600	-0.005458362
1626991200	-0.000515996
1626994800	0.015065471
1626998400	-0.003421491
1627002000	0.010531688
1627005600	0.003397456
1627009200	-0.006497369
1627012800	0.010500622
1627016400	0
1627020000	-0.004694408
1627023600	-0.00737247
1627027200	-0.014439267
1627030800	-0.002293578
1627034400	0.002814919
1627038000	0.000374269
1627041600	0.005471636
1627045200	0.001581395
1627048800	-0.003622179
1627052400	-0.008156227
1627056000	-0.011277666
1627059600	0.000902999
1627063200	0.002896486
1627066800	0.002130581
1627070400	0.01497685
1627074000	-0.003677326
1627077600	0.013034947
1627081200	0.017709727
1627084800	-0.004169121
1627088400	0
1627092000	0.004004551
1627095600	0.005665594
1627099200	-0.004101316
1627102800	0.00054306
1627106400	0.007915329
1627110000	0.001166756
1627113600	-0.010667862
1627117200	0.009061254
1627120800	0.00157148
1627124400	-0.000762093
1627128000	0.005338717
1627131600	0.001472623
1627135200	-0.000757508
1627138800	0.000713489
1627142400	0.020542757
1627146000	-0.004279102
1627149600	-0.004341344
1627153200	-0.017617265
1627156800	-0.004976463
1627160400	0.008876273
1627164000	0.000937877
1627167600	0.002632518
1627171200	-0.016376663
1627174800	-0.008188934
1627178400	0.0311103
1627182000	-0.008095912
1627185600	0.009678426
1627189200	-0.003533881
1627192800	0.014761947
1627196400	0.004237473
1627200000	-0.007395163
1627203600	-0.000701201
1627207200	-0.006052101
1627210800	-0.005250618
1627214400	-0.002838767
1627218000	-0.006583337
1627221600	-0.002731384
1627225200	0.005028736
1627228800	-0.003439957
1627232400	0.006276057
1627236000	-0.001291932
1627239600	0.001115175
1627243200	-0.002762554
1627246800	0.009293597
1627250400	0.005799283
1627254000	0.008846831
1627257600	0.049343397
1627261200	0.145227008
1627264800	-0.002287166
1627268400	0.008732989
1627272000	0.004436909
1627275600	0.016412282
1627279200	-0.016818599
1627282800	-0.018759434
1627286400	0.009046294
1627290000	-0.00631556
1627293600	0.006319173
1627297200	-0.00185118
1627300800	0.002109168
1627304400	-0.017962768
1627308000	7.39044E-05
1627311600	0.021172037
1627315200	0.025617831
1627318800	0.053166343
1627322400	-0.014705882
1627326000	-0.019923163
1627329600	-0.048773719
1627333200	-0.034535575
1627336800	0.016091259
1627340400	-0.040260223
1627344000	0.014564047
1627347600	-0.049898828
1627351200	-0.016756409
1627354800	0.015734194
1627358400	0.018387382
1627362000	0.011575995
1627365600	-0.01062334
1627369200	0.002013264
1627372800	0.011188591
1627376400	0.007986909
1627380000	0.019557823
1627383600	0.019448025
1627387200	0.039641516
1627390800	0.004649998
1627394400	-0.012212055
1627398000	-0.00969579
1627401600	-0.033339399
1627405200	0.006287887
1627408800	0.005575095
1627412400	-0.002939535
1627416000	0.009143156
1627419600	0.01175992
1627423200	0.015461091
1627426800	0.00572313
1627430400	0.000751584
1627434000	0.052285244
1627437600	0.009923872
1627441200	-0.023993808
1627444800	-0.004999483
1627448400	0.01081156
1627452000	-0.035790195
1627455600	-0.001457726
1627459200	-0.007940182
1627462800	0.016079248
1627466400	0.003214412
1627470000	0.002605542
1627473600	-0.02451273
1627477200	-0.002772078
1627480800	0.005451264
1627484400	0.00563714
1627488000	0.008211939
1627491600	-0.027303633
1627495200	0.029489933
1627498800	-0.006436326
1627502400	-0.00373732
1627506000	0.000678814
1627509600	-0.007283373
1627513200	0.006078044
1627516800	-0.012547365
1627520400	-0.004706223
1627524000	0.009275088
1627527600	-0.007856422
1627531200	0.01340356
1627534800	0.003727732
1627538400	-0.002142628
1627542000	-0.006370111
1627545600	0.004033856
1627549200	0.006851526
1627552800	-0.004881003
1627556400	-0.007625935
1627560000	0.002308969
1627563600	0.003995393
1627567200	-0.00250959
1627570800	-0.001833016
1627574400	-0.001944404
1627578000	-0.00061332
1627581600	-0.006786759
1627585200	0.006724094
1627588800	0.002888295
1627592400	-0.002411981
1627596000	0.004691278
1627599600	0.011601595
1627603200	-0.007385315
1627606800	0.014916297
1627610400	-0.004299863
1627614000	-0.000849527
1627617600	-0.004853509
1627621200	-0.001174795
1627624800	0.002138504
1627628400	-0.005228154
1627632000	-0.037432964
1627635600	0.002971437
1627639200	-0.004073621
1627642800	-0.008366489
1627646400	0.006899655
1627650000	0.001415165
1627653600	0.007103012
1627657200	-0.000184631
1627660800	-0.001329591
1627664400	0.007100592
1627668000	0.001321974
1627671600	0.012102098
1627675200	0.015001087
1627678800	0.00528345
1627682400	0.006605114
1627686000	0.012664926
1627689600	-0.009022818
1627693200	0.005554384
1627696800	-0.005174102
1627700400	-0.003479055
1627704000	-0.003702789
1627707600	-0.002973241
1627711200	-0.002591593
1627714800	0.006762769
1627718400	0.005586
1627722000	-0.000668003
1627725600	0.003166338
1627729200	-0.008416918
1627732800	0.006932164
1627736400	-0.007622058
1627740000	-0.0070435
1627743600	0.010907535
1627747200	-0.007440056
1627750800	-0.003374898
1627754400	0.008055892
1627758000	-0.002439887
1627761600	0.00687675
1627765200	0.010667136
1627768800	0.001776508
1627772400	-0.010535832
1627776000	0.052642676
1627779600	-0.007912132
1627783200	0.019584749
1627786800	0.006204825
1627790400	-0.011250697
1627794000	-0.005241507
1627797600	-0.00663643
1627801200	0.000268574
1627804800	0.00238295
1627808400	0.002712114
1627812000	-0.014792801
1627815600	-0.003491052
1627819200	0.002346859
1627822800	-0.004546997
1627826400	-0.002590674
1627830000	0.004511278
1627833600	0.002483669
1627837200	-0.00023757
1627840800	0.005499355
1627844400	0.001316678
1627848000	0.016183958
1627851600	-0.010517934
1627855200	-0.023304943
1627858800	-0.02183541
1627862400	-0.017549402
1627866000	0.023007395
1627869600	0.010441767
1627873200	-0.006808599
1627876800	-0.006576887
1627880400	0.004553734
1627884000	0.02137527
1627887600	-0.00385784
1627891200	-0.008568099
1627894800	0.006982854
1627898400	-0.00092688
1627902000	-0.005635158
1627905600	-0.006012647
1627909200	0.007196245
1627912800	0.001518708
1627916400	0.002102288
1627920000	0.00381745
1627923600	0.001301905
1627927200	-0.000821187
1627930800	-0.012190946
1627934400	-0.006032032
1627938000	0.003731864
1627941600	0.009069113
1627945200	-0.006198347
1627948800	0.018087318
1627952400	-0.018684909
1627956000	0.003086741
1627959600	-0.008367333
1627963200	-0.007461646
1627966800	-0.007342092
1627970400	0.000460063
1627974000	0.009197029
1627977600	0.002103049
1627981200	0.001084295
1627984800	0.002969847
1627988400	-0.005364732
1627992000	-0.00045531
1627995600	0.009741056
1627999200	-0.001041052
1628002800	-0.003925383
1628006400	0.00617284
1628010000	-0.005199127
1628013600	0.009651232
1628017200	-0.001104286
1628020800	0.001174601
1628024400	0.008799172
1628028000	0.006841115
1628031600	-0.006998471
1628035200	0.013685039
1628038800	-0.002700057
1628042400	-0.008494365
1628046000	0.001604205
1628049600	0.020139717
1628053200	0.007349011
1628056800	-0.005968961
1628060400	-0.011108887
1628064000	-0.003238539
1628067600	0.001590686
1628071200	0.012637697
1628074800	0.008041911
1628078400	0.040815651
1628082000	-0.004675275
1628085600	0.00472919
1628089200	0.000286232
1628092800	-0.002734325
1628096400	-0.004208378
1628100000	0.004994557
1628103600	-6.37146E-05
1628107200	0.006148847
1628110800	0.004021405
1628114400	-0.00255456
1628118000	0.00436336
1628121600	0.076593735
1628125200	0.016345985
1628128800	-0.016083091
1628132400	0.003187321
1628136000	0.01203836
1628139600	-0.012154378
1628143200	-0.015336171
1628146800	0.012554779
1628150400	-0.02386244
1628154000	-0.011144398
1628157600	0.005210858
1628161200	0.001868596
1628164800	-0.006467722
1628168400	-0.000787235
1628172000	0.010878458
1628175600	-0.00044964
1628179200	0.006477733
1628182800	0.019039957
1628186400	-0.000672515
1628190000	-0.005003365
1628193600	0.025466094
1628197200	-0.005649231
1628200800	-0.004008652
1628204400	-0.00541464
1628208000	0.028647122
1628211600	0.013018991
1628215200	-0.002067443
1628218800	-0.006831098
1628222400	-0.008625793
1628226000	0.011004009
1628229600	0.001124986
1628233200	-0.006545679
1628236800	0.00229053
1628240400	-0.012160027
1628244000	0.008139834
1628247600	-0.012465295
1628251200	0.011159562
1628254800	-0.000822765
1628258400	-0.001192572
1628262000	0.010916534
1628265600	0.010911136
1628269200	0.027178146
1628272800	0.024400812
1628276400	0.006556337
1628280000	-0.002678994
1628283600	-0.01901401
1628287200	0.008805369
1628290800	0.018707755
1628294400	0.052140749
1628298000	-0.017081709
1628301600	0.008360908
1628305200	0.008867735
1628308800	-0.012017679
1628312400	0.005378236
1628316000	-0.011673833
1628319600	0.007992513
1628323200	0.008706998
1628326800	-0.003631841
1628330400	-0.001797573
1628334000	0.002075934
1628337600	-0.032247598
1628341200	-0.011657597
1628344800	0.008768038
1628348400	-0.004889153
1628352000	-0.004809192
1628355600	-0.017762453
1628359200	0.011913943
1628362800	0.011537148
1628366400	0.005196155
1628370000	-0.002145257
1628373600	0.007174865
1628377200	0.003806193
1628380800	-0.010581062
1628384400	-0.027939615
1628388000	-0.018726692
1628391600	0.017699596
1628395200	0.002640775
1628398800	0.012131531
1628402400	0.012879823
1628406000	0.013261016
1628409600	0.000922013
1628413200	0.004222
1628416800	-0.005096061
